000000000000000000000000000000
000000000000000000000000000000
000000000000000000000000000000
000000000000000000000000000000
000000000000000000000000000000
000000000011111111100000000000
000000000011111111100000000000
000000000011111111100000000000
000000000011111111100000000000
000000000011111111100000000000
000000000011111111100000000000
000000000011111111100000000000
000000000011111111100000000000
000000000011111111100000000000
000000000011111111100000000000
000000000011111111100000000000
000000000011111111100000000000
000000000011111111100000000000
000000000011111111100000000000
000000000011111111100000000000
000000000011111111100000000000
000000000011111111100000000000
000000000011111111100000000000
000000000011111111100000000000
000000000011111111100000000000
000000000000000000000000000000
000000000000000000000000000000
000000000000000000000000000000
000000000000000000000000000000
000000000000000000000000000000
